4.440000000000000058e-01 1.000000000000000056e-01
3.619999999999999885e-01 1.499999999999999944e-01
3.230000000000000093e-01 2.000000000000000111e-01
2.780000000000000249e-01 2.999999999999999889e-01
2.510000000000000009e-01 4.000000000000000222e-01
2.280000000000000082e-01 5.000000000000000000e-01
2.099999999999999922e-01 5.999999999999999778e-01
1.960000000000000075e-01 6.999999999999999556e-01
1.839999999999999969e-01 8.000000000000000444e-01
1.759999999999999898e-01 9.000000000000000222e-01
1.660000000000000087e-01 1.000000000000000000e+00
1.580000000000000016e-01 1.100000000000000089e+00
1.519999999999999962e-01 1.199999999999999956e+00
1.459999999999999909e-01 1.300000000000000044e+00
