6.000000000000000000e+01 1.000000000000000056e-01
2.439999999999999858e+01 1.499999999999999944e-01
1.180000000000000071e+01 2.000000000000000111e-01
4.759999999999999787e+00 2.999999999999999889e-01
2.509999999999999787e+00 4.000000000000000222e-01
1.719999999999999973e+00 5.000000000000000000e-01
1.370000000000000107e+00 5.999999999999999778e-01
1.120000000000000107e+00 6.999999999999999556e-01
9.899999999999999911e-01 8.000000000000000444e-01
8.599999999999999867e-01 9.000000000000000222e-01
7.900000000000000355e-01 1.000000000000000000e+00
7.199999999999999734e-01 1.100000000000000089e+00
6.800000000000000488e-01 1.199999999999999956e+00
6.400000000000000133e-01 1.300000000000000044e+00
